title,description,short_description,category,stock,price,regular_price,sales_prices,weight,length,width,height,sku,picture,tags,tax_status,tax_class
Amp Energy 473ml,,,Beverages->Energy Drink,,3.19,,,,,,,BED001,BED001.JPG,,taxable,standard-rate
Amp Power Sugar Free Citrus 473ml,,,Beverages->Energy Drink,,3.19,,,,,,,BED002,BED002.JPG,,taxable,standard-rate
Amp Overdrive Cherry 473ml,,,Beverages->Energy Drink,,3.19,,,,,,,BED003,BED003.JPG,,taxable,standard-rate
Amp Elevative Berry 473ml,,,Beverages->Energy Drink,,3.19,,,,,,,BED004,BED004.JPG,,taxable,standard-rate
Xenergy Mango Guava 473ml,,,Beverages->Energy Drink,,2.99,,,,,,,BED005,BED005.JPG,,taxable,standard-rate
Xernergy Cranberry Razz 473ml,,,Beverages->Energy Drink,,2.99,,,,,,,BED006,BED006.JPG,,taxable,standard-rate
Xernergy Xyience Xtreme Cherry Rush 473ml,,,Beverages->Energy Drink,,2.99,,,,,,,BED007,BED007.JPG,,taxable,standard-rate
Xernergy Blu Pomegranate 473ml,,,Beverages->Energy Drink,,2.99,,,,,,,BED008,BED008.JPG,,taxable,standard-rate
Rockstar Energy Drink Sugar Free 473ml,,,Beverages->Energy Drink,,3.49,,,,,,,BED009,BED009.JPG,,taxable,standard-rate
Rockstar Super Sours Bubble Berry 473ml,,,Beverages->Energy Drink,,3.49,,,,,,,BED010,BED010.JPG,,taxable,standard-rate
Rockstar Energy Drink 473ml,,,Beverages->Energy Drink,,3.49,,,,,,,BED011,BED011.JPG,,taxable,standard-rate
Rockstar Energy Drink Burner 473ml,,,Beverages->Energy Drink,,3.49,,,,,,,BED012,BED012.JPG,,taxable,standard-rate
Rockstar Super Sours Green Apple 473ml,,,Beverages->Energy Drink,,2.99,,,,,,,BED013,BED013.JPG,,taxable,standard-rate
Rockstar Juicy Energy Drink 473ml,,,Beverages->Energy Drink,,3.49,,,,,,,BED014,BED014.JPG,,taxable,standard-rate
Nos CMPLX6 Charged Lime Can 473ml,,,Beverages->Energy Drink,,3.49,,,,,,,BED015,BED015.JPG,,taxable,standard-rate
Nos CMPLX6 Electric Cherry 473ml,,,Beverages->Energy Drink,,3.49,,,,,,,BED016,BED016.JPG,,taxable,standard-rate
Nos Energy Drink CMPLX6 473ml,,,Beverages->Energy Drink,,3.49,,,,,,,BED017,BED017.JPG,,taxable,standard-rate
Monster Drink Java Loca 444ml,,,Beverages->Energy Drink,,3.49,,,,,,,BED018,BED018.JPG,,taxable,standard-rate
Full Throttle Energy Drink 473ml,,,Beverages->Energy Drink,,3.49,,,,,,,BED019,BED019.JPG,,taxable,standard-rate
Monster Khaos 473ml,,,Beverages->Energy Drink,,3.49,,,,,,,BED020,BED020.JPG,,taxable,standard-rate
Monster Assault 473ml,,,Beverages->Energy Drink,,3.49,,,,,,,BED021,BED021.JPG,,taxable,standard-rate
Monster Energy Drink Low Cal 473ml,,,Beverages->Energy Drink,,3.49,,,,,,,BED022,BED022.JPG,,taxable,standard-rate
Monster Rehab Lemonade Can 458ml,,,Beverages->Energy Drink,,3.49,,,,,,,BED023,BED023.JPG,,taxable,standard-rate
Monster Rehab Rojo Tea Can 458ml,,,Beverages->Energy Drink,,3.49,,,,,,,BED024,BED024.JPG,,taxable,standard-rate
Monster Rehab Protean Can 458ml,,,Beverages->Energy Drink,,3.49,,,,,,,BED025,BED025.JPG,,taxable,standard-rate
Monster Energy 473ml 4pk,,,Beverages->Energy Drink,,9.99,,,,,,,BED026,BED026.JPG,,taxable,standard-rate
Monster Absolutely Zero 473ml 4pk,,,Beverages->Energy Drink,,9.99,,,,,,,BED027,BED027.JPG,,taxable,standard-rate
Nos Original CMPLX6 473ml 4pk,,,Beverages->Energy Drink,,6.99,,,,,,,BED028,BED028.JPG,,taxable,standard-rate
Rockstar Drink Sugar Free 473ml 4pk,,,Beverages->Energy Drink,,9.99,,,,,,,BED029,BED029.JPG,,taxable,standard-rate
Rockstar Energy Drink 473ml 4pk,,,Beverages->Energy Drink,,9.99,,,,,,,BED030,BED030.JPG,,taxable,standard-rate
Redbull Energy Drink Sugar Free 250ml,,,Beverages->Energy Drink,,2.79,,,,,,,BED031,BED031.JPG,,taxable,standard-rate
Redbull Total Zero 250ml,,,Beverages->Energy Drink,,2.79,,,,,,,BED032,BED032.JPG,,taxable,standard-rate
Redbull Energy Drink 250ml,,,Beverages->Energy Drink,,2.79,,,,,,,BED033,BED033.JPG,,taxable,standard-rate
Redbull Energy Drink 355ml,,,Beverages->Energy Drink,,3.49,,,,,,,BED034,BED034.JPG,,taxable,standard-rate
Redbull Energy Drink Sugar Free 355ml,,,Beverages->Energy Drink,,3.49,,,,,,,BED035,BED035.JPG,,taxable,standard-rate
Redbull Total Zero 250ml 4pk,,,Beverages->Energy Drink,,9.99,,,,,,,BED036,BED036.JPG,,taxable,standard-rate
Redbull Energy Drink Sugar Free 250ml 4pk,,,Beverages->Energy Drink,,9.99,,,,,,,BED037,BED037.JPG,,taxable,standard-rate
Redbull Energy Drink 250ml 4pk,,,Beverages->Energy Drink,,9.99,,,,,,,BED038,BED038.JPG,,taxable,standard-rate
Redbull Energy Drink 250ml 8pk,,,Beverages->Energy Drink,,17.99,,,,,,,BED039,BED039.JPG,,taxable,standard-rate
Redbull Blue Edition 250ml,,,Beverages->Energy Drink,,2.79,,,,,,,BED040,BED040.JPG,,taxable,standard-rate
Redbull Silver Edition 250ml,,,Beverages->Energy Drink,,2.79,,,,,,,BED041,BED041.JPG,,taxable,standard-rate
Redbull Red Edition 250ml,,,Beverages->Energy Drink,,2.79,,,,,,,BED042,BED042.JPG,,taxable,standard-rate
Gatorade Glacier Cherry 710ml,,,Beverages->Energy Drink,,2.49,,,,,,,BED043,BED043.JPG,,taxable,standard-rate
Gatorade G2 Grape 710ml,,,Beverages->Energy Drink,,2.49,,,,,,,BED044,BED044.JPG,,taxable,standard-rate
Gatorade Bottle Sport Lemon Lime 710ml,,,Beverages->Energy Drink,,2.49,,,,,,,BED045,BED045.JPG,,taxable,standard-rate
Gatorade G2 Fruit Punch 710ml,,,Beverages->Energy Drink,,2.49,,,,,,,BED046,BED046.JPG,,taxable,standard-rate
Gatorade G2 Pomegranate Blueberry 710ml,,,Beverages->Energy Drink,,2.49,,,,,,,BED047,BED047.JPG,,taxable,standard-rate
Gatorade Fruit Punch 710ml,,,Beverages->Energy Drink,,2.49,,,,,,,BED048,BED048.JPG,,taxable,standard-rate
Gatorade Cool Blue Raspberry 710ml,,,Beverages->Energy Drink,,2.49,,,,,,,BED049,BED049.JPG,,taxable,standard-rate
Gatorade Orange 710ml,,,Beverages->Energy Drink,,2.49,,,,,,,BED050,BED050.JPG,,taxable,standard-rate
Gatorade Recover Citron-Lime Orange 500ml,,,Beverages->Energy Drink,,2.49,,,,,,,BED051,BED051.JPG,,taxable,standard-rate
Gatorade Recover Mix Berry 500ml,,,Beverages->Energy Drink,,2.49,,,,,,,BED052,BED052.JPG,,taxable,standard-rate
Gatorade Prime Fruit Punch 118ml,,,Beverages->Energy Drink,,1.99,,,,,,,BED053,BED053.JPG,,taxable,standard-rate
Gatorade Prime Orange 118ml,,,Beverages->Energy Drink,,1.99,,,,,,,BED054,BED054.JPG,,taxable,standard-rate
Gatorade Crystals Orange 560g,,,Beverages->Energy Drink,,6.29,,,,,,,BED055,BED055.JPG,,taxable,standard-rate
Gatorade Crystals Fruit Punch 560g,,,Beverages->Energy Drink,,6.29,,,,,,,BED056,BED056.JPG,,taxable,standard-rate
Gatorade Crystals Lemon Lime 560g,,,Beverages->Energy Drink,,6.29,,,,,,,BED057,BED057.JPG,,taxable,standard-rate
Powerade Zero ION4 Mixed Berry 710ml,,,Beverages->Energy Drink,,2.29,,,,,,,BED058,BED058.JPG,,taxable,standard-rate
Powerade Zero ION4 Lemon-Lime 710ml,,,Beverages->Energy Drink,,2.29,,,,,,,BED059,BED059.JPG,,taxable,standard-rate
Powerade Zero ION4 Grape 710ml,,,Beverages->Energy Drink,,2.29,,,,,,,BED060,BED060.JPG,,taxable,standard-rate
Powerade ION4 Grape 710ml,,,Beverages->Energy Drink,,2.29,,,,,,,BED061,BED061.JPG,,taxable,standard-rate
Powerade ION4 Grape-Strawberry 710ml,,,Beverages->Energy Drink,,2.29,,,,,,,BED062,BED062.JPG,,taxable,standard-rate
Powerade ION4 Strawberry-Lemonade 710ml,,,Beverages->Energy Drink,,2.29,,,,,,,BED063,BED063.JPG,,taxable,standard-rate
Powerade ION4 Melon-Pineapple 710ml,,,Beverages->Energy Drink,,2.29,,,,,,,BED064,BED064.JPG,,taxable,standard-rate
Powerade ION4 Orange-Tangarine 710ml,,,Beverages->Energy Drink,,2.29,,,,,,,BED065,BED065.JPG,,taxable,standard-rate
Powerade ION4 Fruit Punch 710ml,,,Beverages->Energy Drink,,2.29,,,,,,,BED066,BED066.JPG,,taxable,standard-rate
Powerade ION4 Mxd Berry 710ml,,,Beverages->Energy Drink,,2.29,,,,,,,BED067,BED067.JPG,,taxable,standard-rate
Gatorade G2 Orange 591ml 6pk,,,Beverages->Energy Drink,,6.99,,,,,,,BED068,BED068.JPG,,taxable,standard-rate
Gatorade G2 Fruit Punch 591ml 6pk,,,Beverages->Energy Drink,,6.99,,,,,,,BED069,BED069.JPG,,taxable,standard-rate
Gatorade Drink Cool Blue Rasp 591ml 6pk,,,Beverages->Energy Drink,,6.99,,,,,,,BED070,BED070.JPG,,taxable,standard-rate
Gatorade Drink Orange 591ml 6pk,,,Beverages->Energy Drink,,6.99,,,,,,,BED071,BED071.JPG,,taxable,standard-rate
Gatorade G2 Grape 591ml 6pk,,,Beverages->Energy Drink,,6.99,,,,,,,BED072,BED072.JPG,,taxable,standard-rate
Gatorade Lemon Lime 591ml 6pk,,,Beverages->Energy Drink,,6.99,,,,,,,BED073,BED073.JPG,,taxable,standard-rate
Gatorade Drink Fruit Punch 591ml 6pk,,,Beverages->Energy Drink,,6.99,,,,,,,BED074,BED074.JPG,,taxable,standard-rate
Gatorade Drink Grape 591ml 6pk,,,Beverages->Energy Drink,,6.99,,,,,,,BED075,BED075.JPG,,taxable,standard-rate
Gatorade Kids pack Blue Rush 355ml 6pk,,,Beverages->Energy Drink,,5.49,,,,,,,BED076,BED076.JPG,,taxable,standard-rate
Gatorade Kids pack Fruit Punch 355ml 6pk,,,Beverages->Energy Drink,,5.49,,,,,,,BED077,BED077.JPG,,taxable,standard-rate
